289
Road 3 3
399.425 17.894
412.683 147.706
404.991 159.309

Road 2 3
398.112 5.087
399.425 17.894

Road 2 3
335.216 22.299
352.014 177.256

Road 2 3
333.702 8.373
335.216 22.299

Road 3 3
614.038 131.337
636.825 133.082
663.097 134.298

Road 4 3
568.019 126.269
584.104 128.833
603.429 130.326
614.038 131.337

Road 3 3
550.107 123.068
565.269 125.836
568.019 126.269

Road 2 3
534.367 120.203
550.107 123.068

Road 3 3
518.771 117.591
525.595 118.602
534.367 120.203

Road 2 3
502.796 115.208
518.771 117.591

Road 3 3
478.651 111.609
493.635 113.836
502.796 115.208

Road 2 3
514.463 144.589
518.771 117.591

Road 2 3
544.541 151.077
550.107 123.068

Road 3 3
568.019 126.269
564.289 142.073
556.052 153.400

Road 2 3
556.052 153.400
544.541 151.077

Road 3 3
544.541 151.077
535.959 149.331
529.402 147.237

Road 2 3
529.402 147.237
514.463 144.589

Road 2 3
514.463 144.589
497.743 144.589

Road 2 3
530.237 187.740
539.443 191.796

Road 5 3
529.402 147.237
528.979 149.548
523.457 176.257
531.996 178.255
530.237 187.740

Road 2 3
534.367 120.203
529.402 147.237

Road 5 3
530.237 187.740
527.431 186.921
520.151 206.902
502.819 201.654
500.815 181.432

Road 4 3
500.815 181.432
498.555 167.446
497.798 155.470
497.743 144.589

Road 2 3
497.743 144.589
502.796 115.208

Road 10 3
231.946 12.019
234.283 32.001
253.096 192.867
257.985 220.427
264.924 237.215
268.504 273.681
263.853 287.881
259.347 291.131
235.242 328.488
233.492 335.512

Road 3 3
500.815 181.432
490.117 179.783
480.354 177.111

Road 2 3
480.354 177.111
464.536 178.604

Road 6 3
464.536 178.604
458.013 177.111
445.712 171.370
433.155 166.628
425.619 166.122
404.245 170.166

Road 3 3
551.187 179.326
553.981 179.856
550.920 196.743

Road 2 3
556.052 153.400
551.187 179.326

Road 8 3
404.991 159.309
404.245 170.166
391.611 171.875
380.671 175.197
353.714 179.037
349.917 179.675
318.173 184.666
253.096 192.867

Road 3 3
551.187 179.326
540.990 177.689
539.443 191.796

Road 3 3
622.142 210.657
612.290 191.110
612.357 158.840

Road 2 3
324.714 204.501
355.169 197.379

Road 2 3
587.422 182.070
605.533 219.155

Road 6 3
419.741 229.554
447.916 223.644
447.159 220.154
467.252 215.159
462.977 188.450
464.536 178.604

Road 3 3
406.616 239.171
398.190 201.882
391.611 171.875

Road 4 3
605.533 219.155
592.999 228.664
586.431 234.598
574.553 248.247

Road 2 3
622.142 210.657
605.533 219.155

Road 4 3
658.076 198.488
638.974 202.532
625.838 208.767
622.142 210.657

Road 3 3
534.868 265.447
538.630 276.677
540.300 286.776

Road 5 3
502.975 252.712
511.769 259.212
517.034 270.189
530.092 266.952
534.868 265.447

Road 2 3
496.696 245.731
502.975 252.712

Road 4 3
480.354 177.111
487.913 225.257
490.173 234.995
496.696 245.731

Road 3 3
329.004 224.162
301.197 227.749
253.140 240.291

Road 6 3
558.512 278.711
554.504 264.954
549.484 251.713
543.706 242.734
539.688 230.493
538.330 224.294

Road 3 3
538.330 224.294
534.422 206.528
539.443 191.796

Road 2 3
550.920 196.743
560.148 200.727

Road 2 3
539.443 191.796
550.920 196.743

Road 8 3
394.093 301.051
392.334 278.410
391.844 272.512
391.076 263.437
398.112 262.931
395.488 241.268
390.310 219.969
387.378 206.008

Road 2 3
518.793 245.731
502.975 252.712

Road 3 3
538.330 224.294
513.016 230.746
518.793 245.731

Road 2 3
393.848 241.711
406.616 239.171

Road 2 3
406.616 239.171
420.409 236.427

Road 3 3
356.999 269.098
344.445 226.506
331.641 230.359

Road 4 3
534.868 265.447
528.923 250.401
525.328 242.843
518.793 245.731

Road 4 3
391.844 272.512
407.696 271.285
406.950 262.149
398.112 262.931

Road 12 3
390.464 360.909
385.432 340.411
377.517 303.795
372.569 277.761
369.110 266.106
369.168 264.477
365.870 248.665
360.976 224.623
356.816 203.808
354.120 192.465
342.539 194.809
323.263 197.863

Road 3 3
477.037 274.222
481.813 290.808
485.163 303.073

Road 3 3
496.696 245.731
472.273 251.364
477.037 274.222

Road 3 3
468.844 298.078
464.235 277.327
477.037 274.222

Road 5 3
477.037 274.222
488.837 271.586
486.076 261.102
501.394 257.359
502.975 252.712

Road 7 3
259.896 290.735
281.045 298.956
289.865 297.834
298.444 290.068
314.426 278.741
328.157 275.804
344.549 270.864

Road 3 3
345.674 271.744
354.617 269.687
369.110 266.106

Road 4 3
446.870 303.013
441.838 277.953
443.307 258.851
422.491 261.812

Road 30 3
475.096 394.683
471.338 379.626
469.634 369.768
469.167 367.036
466.907 356.552
464.146 356.094
461.842 344.792
458.469 336.318
455.096 334.200
454.027 331.552
448.172 326.436
445.333 325.545
441.426 311.078
440.725 309.946
437.697 305.071
433.789 300.834
432.186 296.947
427.878 292.662
426.331 291.121
423.537 280.782
422.902 269.864
422.491 261.812
422.056 253.495
420.409 236.427
419.741 229.554
415.088 204.579
411.080 186.945
407.284 182.528
405.169 180.433
404.245 170.166

Road 2 3
485.163 303.073
477.382 305.071

Road 4 3
477.382 305.071
477.137 302.327
470.358 303.820
468.844 298.078

Road 2 3
446.870 303.013
437.697 305.071

Road 2 3
488.982 301.605
485.163 303.073

Road 2 3
468.844 298.078
446.870 303.013

Road 6 3
540.300 286.776
536.393 287.354
524.337 289.099
511.780 292.842
497.475 298.331
488.982 301.605

Road 2 3
557.855 284.176
540.300 286.776

Road 2 3
354.474 308.718
367.476 305.793

Road 2 3
367.476 305.793
377.517 303.795

Road 2 3
377.517 303.795
391.176 301.533

Road 2 3
391.176 301.533
394.093 301.051

Road 2 3
394.093 301.051
404.134 299.053

Road 4 3
404.134 299.053
407.897 298.307
420.954 294.804
427.878 292.662

Road 2 3
601.225 284.537
615.507 333.177

Road 2 3
395.451 323.295
391.176 301.533

Road 4 3
323.786 340.036
313.932 343.131
310.142 311.657
321.656 309.639

Road 9 3
315.603 278.490
318.333 290.377
321.923 311.190
326.833 339.416
328.605 339.263
333.045 357.369
333.268 366.097
333.510 372.453
349.843 375.329

Road 2 3
420.242 344.202
409.644 346.802

Road 2 3
428.591 342.156
420.242 344.202

Road 3 3
440.725 309.946
421.199 315.290
428.591 342.156

Road 2 3
381.647 361.739
376.627 342.770

Road 2 3
376.627 342.770
367.476 305.793

Road 3 3
522.812 335.849
515.153 336.715
495.895 339.496

Road 3 3
555.573 330.673
528.467 335.211
522.812 335.849

Road 7 3
477.382 305.071
478.495 316.735
481.267 330.721
482.013 344.202
482.514 358.682
483.015 367.168
469.634 369.768

Road 4 3
612.869 333.381
610.565 333.562
587.577 336.824
556.697 341.903

Road 2 3
615.507 333.177
612.869 333.381

Road 3 3
647.512 333.237
618.335 332.960
615.507 333.177

Road 2 3
365.395 345.767
376.627 342.770

Road 2 3
376.627 342.770
385.432 340.411

Road 2 3
385.432 340.411
397.488 337.185

Road 3 3
397.488 337.185
396.486 333.694
407.730 330.830

Road 3 3
557.376 349.101
526.207 353.940
522.812 335.849

Road 4 3
495.895 339.496
498.744 354.205
504.266 379.915
506.726 392.011

Road 3 3
488.982 301.605
493.468 326.990
495.895 339.496

Road 2 3
401.729 357.238
397.488 337.185

Road 6 3
229.210 339.594
233.492 335.512
249.481 342.148
247.231 348.176
269.596 358.818
273.736 361.011

Road 8 3
612.869 333.381
612.602 347.500
614.962 364.953
597.641 367.950
597.129 365.712
574.787 369.202
572.783 358.213
558.467 360.716

Road 3 3
420.242 344.202
426.865 368.817
428.758 368.384

Road 6 3
348.385 390.477
349.843 375.329
350.088 364.099
348.085 353.362
343.064 328.651
359.239 324.847

Road 3 3
419.173 381.383
431.240 378.097
428.758 368.384

Road 4 3
428.758 368.384
438.164 365.736
431.775 341.193
428.591 342.156

Road 2 3
273.736 361.011
287.271 364.088

Road 13 3
461.835 426.329
456.724 424.429
444.944 386.872
423.103 393.107
419.173 381.383
415.823 371.393
409.789 349.414
409.644 346.802
409.544 344.924
407.730 330.830
406.527 321.453
405.269 307.972
404.134 299.053

Road 2 3
459.003 381.925
453.727 358.706

Road 3 3
333.510 372.453
313.883 370.310
311.988 381.407

Road 10 3
367.203 392.539
348.385 390.477
333.202 388.428
325.902 388.177
319.683 387.934
310.305 386.287
311.054 381.306
293.467 377.229
280.166 374.141
282.392 362.979

Road 3 3
562.795 382.898
570.715 381.284
593.534 377.815

Road 2 3
444.944 386.872
459.003 381.925

Road 2 3
459.003 381.925
471.338 379.626

Road 4 3
293.082 378.675
289.330 394.310
306.151 398.547
309.891 387.895

Road 4 3
202.539 388.130
201.770 402.033
200.843 420.818
200.518 436.568

Road 13 3
229.210 339.594
226.614 340.707
221.496 344.987
215.797 352.546
214.014 353.171
207.974 361.466
206.898 362.307
203.559 367.429
200.431 370.719
199.407 373.704
200.023 383.213
199.266 386.163
199.525 388.285

Road 5 3
249.934 397.151
223.062 392.397
203.005 388.106
187.382 388.910
165.814 387.904

Road 7 3
604.206 392.609
602.886 382.565
613.117 381.564
612.629 396.136
613.599 404.066
601.618 406.462
566.705 413.364

Road 2 3
166.264 399.812
201.857 400.459

Road 3 3
56.305 408.165
80.328 406.997
93.508 405.131

Road 2 3
93.508 405.131
109.950 402.808

Road 2 3
109.950 402.808
166.255 395.165

Road 5 3
398.010 392.731
404.558 393.944
410.709 395.737
405.376 418.698
393.339 415.913

Road 7 3
360.377 427.772
376.373 430.420
389.793 433.023
393.236 416.410
398.010 392.731
384.239 390.570
367.830 387.669

Road 6 3
359.595 433.791
346.337 431.455
331.275 428.952
332.277 419.467
332.778 406.985
333.202 388.428

Road 2 3
371.886 450.049
376.174 430.387

Road 3 3
376.301 430.408
380.238 408.444
383.913 390.512

Road 13 3
475.381 394.227
476.940 423.814
461.992 425.904
462.092 433.333
437.697 441.260
410.595 435.556
404.858 462.618
402.175 461.944
385.752 455.870
373.950 451.129
371.886 450.049
361.972 446.471
361.066 446.794

Road 7 3
563.051 383.409
539.371 386.475
521.234 389.013
506.251 390.880
505.034 392.216
485.453 393.215
473.898 394.455

Road 6 3
213.190 433.041
222.623 429.595
236.420 429.361
241.975 427.447
243.700 426.857
246.650 418.227

Road 2 3
616.586 757.239
603.082 753.408

Road 64 3
602.809 750.579
600.736 740.470
599.177 732.068
597.307 721.933
595.481 712.087
593.778 702.855
591.752 691.913
589.092 679.022
586.976 668.754
586.787 663.302
586.676 660.148
589.960 642.334
593.299 620.174
593.900 608.271
597.309 605.338
600.816 600.593
601.014 590.672
605.439 550.221
604.829 540.709
598.369 513.423
596.326 505.349
594.838 497.961
592.916 491.166
583.740 464.968
579.086 453.009
573.286 435.253
570.188 426.339
566.655 413.424
565.973 408.476
564.322 397.785
563.220 384.016
557.343 363.299
557.176 361.469
556.085 349.854
555.406 342.656
555.328 341.814
554.282 331.426
553.636 325.023
553.636 313.058
555.740 291.850
556.564 284.929
557.221 279.464
563.555 277.791
577.281 274.433
580.453 271.496
581.500 267.717
580.453 262.252
578.338 258.051
573.262 249.000
572.216 247.134
568.831 240.635
565.881 229.080
563.555 222.159
557.855 212.084
557.644 205.994
558.857 201.480
559.336 199.699
564.824 195.281
577.915 187.939
586.130 182.823
589.737 180.585
603.463 166.947
611.066 159.593
612.747 132.090

Road 5 3
93.508 405.131
107.568 471.525
98.017 473.897
97.716 483.995
118.755 484.549

Road 2 3
233.136 475.136
241.975 427.447

Road 10 3
564.702 399.469
551.903 401.712
550.310 409.875
548.682 421.136
546.949 432.625
546.996 442.180
546.557 452.773
543.464 470.558
536.825 468.523
525.106 508.516

Road 2 3
307.186 499.378
302.733 514.629

Road 8 3
246.650 418.227
264.272 422.091
290.844 432.178
286.659 446.140
313.531 454.445
311.739 468.998
315.680 470.201
307.186 499.378

Road 2 3
249.934 397.151
246.650 418.227

Road 2 3
129.776 511.235
156.181 514.244

Road 3 3
118.755 484.549
118.087 509.910
129.776 511.235

Road 3 3
109.950 402.808
119.601 452.483
118.755 484.549

Road 5 3
484.206 492.820
477.038 469.504
472.644 458.031
466.400 436.177
462.128 433.260

Road 2 3
313.474 853.916
345.374 746.147

Road 53 3
345.369 746.183
352.152 717.240
351.342 698.932
347.758 681.501
341.494 664.823
339.936 660.093
331.064 637.129
330.849 633.746
325.419 619.593
322.390 610.887
322.692 604.447
322.990 600.101
325.208 589.160
328.887 569.937
329.472 564.846
330.685 556.119
331.587 549.692
319.041 546.695
322.047 528.471
324.140 529.037
329.071 520.719
331.509 515.977
337.799 503.748
348.563 482.118
352.860 472.344
354.474 468.685
361.066 446.794
357.502 445.787
359.595 433.791
360.408 429.590
361.443 424.173
366.635 396.813
367.114 393.173
367.715 388.881
368.412 376.520
369.469 364.977
368.200 355.529
365.395 345.767
364.404 342.300
359.239 324.847
354.474 308.718
345.674 271.744
344.549 270.864
342.989 265.415
341.605 261.568
340.407 260.791
335.065 242.339
331.641 230.359
329.004 224.162
323.861 200.594
323.263 197.863
320.821 197.934
318.173 184.666

Road 4 3
162.092 482.178
176.897 481.745
191.681 479.012
202.771 476.805

Road 3 3
202.771 476.805
203.291 476.701
216.327 475.474

Road 13 3
320.589 519.672
302.733 514.629
299.894 525.931
282.239 521.791
280.091 521.285
269.003 518.685
271.319 507.214
239.181 499.102
239.893 494.335
217.518 490.267
216.327 475.474
214.668 454.939
212.760 433.160

Road 4 3
213.190 433.041
200.518 436.568
184.125 438.194
163.980 436.904

Road 4 3
446.469 486.511
444.678 493.054
419.546 488.014
405.298 484.979

Road 2 3
405.298 484.979
392.133 482.185

Road 2 3
392.133 482.185
381.793 479.942

Road 3 3
381.793 479.942
372.866 477.535
353.187 471.602

Road 4 3
484.389 503.915
462.015 499.346
463.676 488.578
447.667 486.655

Road 4 3
447.667 486.655
448.228 479.024
401.017 466.542
402.175 461.944

Road 3 3
162.526 476.906
132.782 475.871
129.776 511.235

Road 3 3
384.885 506.133
388.393 496.032
392.428 483.453

Road 4 3
366.393 522.119
371.194 506.937
374.377 497.929
380.189 480.331

Road 2 3
444.476 493.793
439.923 511.620

Road 2 3
388.644 540.152
400.037 502.012

Road 2 3
400.001 502.158
405.214 486.427

Road 4 3
545.524 513.291
548.308 495.604
582.294 503.169
596.266 504.852

Road 8 3
484.572 502.230
498.556 501.457
499.378 503.980
517.113 504.872
525.398 507.311
525.804 508.099
542.704 512.787
545.524 513.291

Road 3 3
322.047 528.471
318.763 527.472
320.589 519.672

Road 2 3
320.589 519.672
328.303 486.740

Road 3 3
282.239 521.791
289.597 494.865
307.186 499.378

Road 3 3
150.481 534.068
162.148 535.212
178.612 534.586

Road 3 3
178.612 534.586
194.241 533.334
199.844 533.444

Road 6 3
199.844 533.444
215.136 533.743
216.193 519.684
217.039 509.393
217.674 499.318
217.518 490.267

Road 9 3
370.172 509.559
382.439 514.020
395.040 518.241
407.865 522.846
418.018 525.750
418.556 522.951
446.155 529.609
450.236 513.148
440.252 510.451

Road 3 3
440.069 510.524
418.464 505.727
400.403 500.296

Road 2 3
519.730 531.764
523.373 519.996

Road 2 3
523.227 520.069
525.257 508.428

Road 3 3
228.928 543.601
233.693 523.380
239.181 499.102

Road 2 3
543.154 525.696
523.259 519.545

Road 4 3
505.254 540.935
508.613 528.224
509.444 524.345
514.040 504.856

Road 3 3
554.871 542.684
535.858 536.447
518.868 531.546

Road 2 3
518.912 531.507
507.928 528.110

Road 7 3
376.270 561.843
376.593 548.986
379.527 533.605
381.140 527.360
366.816 522.060
356.375 519.592
349.633 518.236

Road 2 3
349.647 518.201
332.119 514.340

Road 3 3
346.767 564.115
347.251 529.511
349.695 518.232

Road 3 3
359.404 563.067
362.556 542.315
366.430 522.228

Road 7 3
551.450 554.709
525.631 546.372
507.107 540.389
505.116 540.999
495.363 538.941
489.120 537.590
477.801 535.472

Road 29 3
163.980 436.904
163.539 460.175
162.526 476.906
162.281 480.902
162.092 482.178
160.522 492.879
157.517 509.357
156.181 514.244
153.498 524.090
150.481 534.068
147.977 550.546
145.205 574.271
143.079 591.038
142.700 593.987
139.683 617.206
138.938 640.930
139.438 653.653
143.702 666.136
151.238 675.873
152.429 680.339
153.498 684.359
152.819 703.377
152.741 705.580
151.984 735.540
149.368 772.963
145.984 782.387
141.965 788.382
135.186 791.126
56.416 790.127

Road 13 3
233.722 334.590
207.430 325.883
193.586 321.971
191.542 325.754
192.026 337.726
189.433 344.819
181.093 348.335
163.907 356.949
165.944 390.013
166.255 395.165
164.704 400.267
164.820 423.665
163.980 436.904

Road 2 3
538.551 613.266
542.097 600.844

Road 8 3
542.009 600.976
545.313 585.436
546.634 577.304
551.898 552.686
555.089 542.201
559.384 529.040
543.104 525.714
545.534 513.135

Road 5 3
230.130 569.492
244.235 574.054
245.994 572.056
259.051 575.053
262.814 557.082

Road 3 3
546.663 577.162
528.972 572.068
511.908 566.087

Road 2 3
191.636 692.316
192.573 674.188

Road 2 3
192.573 674.188
195.103 625.223

Road 2 3
195.103 625.223
196.838 591.640

Road 2 3
196.838 591.640
198.387 561.662

Road 2 3
198.387 561.662
199.844 533.444

Road 2 3
199.844 533.444
202.771 476.805

Road 3 3
202.771 476.805
203.803 456.817
214.668 454.939

Road 6 3
230.876 628.990
236.754 604.375
228.583 602.256
223.618 599.079
225.611 587.210
230.130 569.492

Road 3 3
230.130 569.492
234.105 550.558
262.814 557.082

Road 5 3
262.814 557.082
273.601 559.225
277.263 541.362
275.360 540.736
280.091 521.285

Road 5 3
196.838 591.640
202.167 592.326
209.703 564.112
200.920 562.114
198.387 561.662

Road 4 3
161.380 591.965
177.309 591.074
188.608 590.581
196.838 591.640

Road 2 3
143.079 591.038
161.380 591.965

Road 3 3
198.387 561.662
188.363 559.875
177.443 559.008

Road 2 3
157.294 619.433
161.380 591.965

Road 4 3
161.380 591.965
163.383 573.248
163.639 560.007
177.443 559.008

Road 3 3
177.443 559.008
179.458 545.286
178.612 534.586

Road 11 3
439.121 592.512
443.508 583.756
448.879 567.920
438.838 565.876
430.678 565.521
420.306 564.420
407.467 566.192
405.743 564.852
404.675 561.941
396.452 563.147
377.881 567.060

Road 2 3
377.483 567.236
376.334 561.463

Road 5 3
376.239 561.712
358.713 563.400
349.172 563.651
347.106 564.191
329.582 564.159

Road 3 3
474.195 567.469
506.737 577.581
502.852 589.955

Road 6 3
431.769 612.120
429.578 619.690
426.422 632.212
424.242 640.078
406.602 643.060
413.302 670.533

Road 2 3
439.175 592.442
431.826 612.148

Road 2 3
471.896 582.882
468.954 601.304

Road 3 3
469.264 599.423
459.762 597.268
439.627 591.328

Road 3 3
474.378 566.359
474.682 568.304
471.606 584.510

Road 2 3
476.087 556.238
474.323 566.422

Road 5 3
484.206 492.820
484.663 501.389
484.320 504.555
475.099 548.976
476.047 556.335

Road 3 3
273.078 614.498
287.894 561.572
301.319 564.690

Road 4 3
542.317 601.373
518.671 593.710
502.966 589.498
470.514 584.358

Road 2 3
301.319 564.690
286.659 636.140

Road 3 3
330.685 556.119
304.214 550.583
301.319 564.690

Road 5 3
363.873 594.794
347.803 598.072
335.494 600.705
329.997 601.254
323.416 601.283

Road 6 3
406.648 643.126
405.609 642.863
400.437 616.211
397.568 602.280
383.554 604.985
381.346 592.382

Road 2 3
381.246 592.232
376.993 567.032

Road 7 3
468.954 601.304
490.335 606.415
491.884 600.934
503.135 604.093
518.056 607.558
526.752 609.524
532.678 612.411

Road 2 3
621.764 613.017
593.609 608.774

Road 4 3
431.882 612.035
414.234 615.726
413.421 613.166
400.386 616.252

Road 4 3
256.279 634.045
266.899 635.899
279.456 636.393
286.659 636.140

Road 4 3
230.876 628.990
233.003 629.158
252.595 633.395
256.279 634.045

Road 2 3
226.424 628.653
230.876 628.990

Road 4 3
195.103 625.223
208.145 627.654
219.945 628.159
226.424 628.653

Road 4 3
157.294 619.433
168.983 620.913
188.063 623.910
195.103 625.223

Road 2 3
139.683 617.206
157.294 619.433

Road 7 3
286.659 636.140
293.571 635.047
302.638 633.018
304.708 624.781
308.783 624.059
313.597 622.430
324.777 617.828

Road 5 3
362.528 675.418
356.371 650.024
353.864 639.590
350.846 616.675
347.803 598.072

Road 3 3
347.794 598.214
348.482 586.657
348.344 564.023

Road 2 3
546.070 660.093
546.912 614.281

Road 2 3
353.801 636.027
332.521 640.901

Road 2 3
370.956 642.898
355.534 645.713

Road 5 3
588.078 662.549
544.200 665.266
545.855 659.878
509.372 652.630
481.190 646.063

Road 5 3
481.246 646.176
466.894 642.345
454.035 639.656
439.926 636.052
426.422 632.183

Road 2 3
432.494 665.086
439.815 636.103

Road 4 3
370.980 643.472
380.608 686.729
365.829 691.463
351.368 695.351

Road 3 3
383.875 604.985
366.398 608.225
370.972 643.512

Road 2 3
215.781 677.053
226.424 628.653

Road 3 3
508.586 665.230
496.224 663.883
476.899 661.400

Road 2 3
477.246 660.277
480.803 646.033

Road 3 3
424.265 670.938
422.434 657.341
423.240 640.208

Road 2 3
453.894 639.604
444.053 678.388

Road 8 3
255.778 689.030
261.734 664.980
257.849 664.089
259.341 656.374
255.166 655.483
256.658 648.658
253.374 648.357
256.279 634.045

Road 2 3
358.281 659.985
341.494 664.823

Road 5 3
443.971 678.532
433.941 678.727
432.932 680.546
418.629 682.846
416.164 682.981

Road 3 3
467.045 642.364
456.821 681.011
444.259 677.710

Road 2 3
475.381 673.253
477.182 660.245

Road 19 3
510.884 721.565
508.582 707.920
506.513 698.024
506.705 687.888
508.734 663.439
509.518 650.153
511.765 638.725
515.070 632.818
517.732 630.440
521.803 625.534
525.156 622.316
527.955 619.710
532.678 612.411
538.551 613.266
546.891 615.431
552.345 616.198
561.751 616.351
581.332 618.097
594.590 619.421

Road 2 3
587.786 670.824
523.746 682.315

Road 2 3
514.446 693.649
589.556 678.888

Road 3 3
191.636 692.316
209.692 696.143
213.945 676.656

Road 9 3
254.777 693.026
266.076 697.022
275.616 699.020
285.156 700.272
286.169 697.275
298.714 697.768
311.772 698.767
326.589 697.022
351.580 695.421

Road 2 3
255.778 689.030
254.777 693.026

Road 4 3
215.781 677.053
222.639 678.545
237.956 683.541
255.778 689.030

Road 4 3
152.429 680.339
168.404 675.548
188.241 674.308
192.573 674.188

Road 2 3
213.945 676.656
215.781 677.053

Road 4 3
195.588 674.104
197.280 674.056
208.835 675.548
213.945 676.656

Road 2 3
192.573 674.188
195.588 674.104

Road 4 3
408.367 710.202
409.662 706.442
407.065 688.143
408.623 687.698

Road 2 3
416.126 682.834
413.513 670.505

Road 2 3
186.705 715.101
191.636 692.316

Road 2 3
191.636 692.316
195.588 674.104

Road 5 3
522.124 707.923
534.033 705.345
538.164 704.174
540.230 701.489
591.941 691.190

Road 3 3
479.532 717.129
480.644 704.389
486.196 662.777

Road 2 3
594.587 702.859
510.704 719.080

Road 4 3
254.777 693.026
248.398 720.867
247.374 721.336
244.836 731.146

Road 3 3
512.815 727.331
565.972 718.175
596.428 712.642

Road 20 3
351.652 720.538
317.850 740.535
300.540 737.863
289.486 735.492
285.612 737.562
276.350 737.863
265.597 736.382
244.836 731.146
244.402 731.038
216.338 723.912
191.258 717.075
186.705 715.101
172.144 708.770
162.593 704.906
152.819 703.377
124.900 702.499
125.323 699.140
103.582 699.140
99.987 700.814
56.561 700.814

Road 2 3
597.909 723.246
539.797 735.113

Road 2 3
550.312 751.220
601.063 741.025

Road 19 3
352.329 717.144
381.062 707.170
396.080 708.619
411.635 711.106
464.746 715.460
479.530 717.124
510.647 719.696
511.506 723.474
512.394 727.843
516.687 749.036
520.539 767.910
523.299 780.529
540.915 777.454
543.538 777.651
573.738 771.543
601.780 765.045
601.070 757.807
603.075 753.530
602.800 750.495

Road 6 3
599.366 732.141
548.449 741.783
550.174 750.738
551.755 758.947
552.547 762.221
520.652 768.312

Road 4 3
551.754 759.135
580.157 754.302
581.050 756.467
603.032 752.390

Road 2 3
545.769 785.808
599.419 776.558

Road 6 3
599.143 786.129
577.336 789.764
576.236 789.202
562.925 791.294
561.066 791.018
547.415 793.327

Road 3 3
609.814 833.700
556.140 833.710
547.450 793.514

Road 2 3
547.406 793.558
545.836 785.825

Road 2 3
545.836 785.957
543.588 777.567

Road 2 3
415.957 681.788
408.593 687.707

Road 3 3
517.486 593.710
515.971 601.835
519.080 607.683

Road 2 3
549.107 565.512
476.542 544.546

Road 8 3
498.611 501.925
500.319 497.099
502.040 486.125
500.964 473.430
494.617 450.083
493.226 440.436
478.323 437.031
476.888 423.891

Road 5 3
501.179 477.518
497.306 478.056
497.521 480.638
489.345 482.682
481.383 484.189

Road 5 3
493.189 440.494
516.042 444.706
520.007 428.458
523.343 415.655
528.976 388.200

Road 4 3
507.285 425.303
509.571 412.965
511.616 402.959
512.584 391.447

Road 3 3
490.081 423.496
506.537 425.011
520.102 428.178

Road 4 3
490.873 430.240
491.066 423.401
491.875 410.593
491.586 392.508

Road 3 3
512.803 462.124
514.329 453.308
515.768 444.788

Road 4 3
513.905 453.035
506.860 452.083
500.409 451.107
494.625 450.350

Road 3 3
513.905 453.035
527.332 455.583
527.057 458.819

Road 2 3
517.034 440.919
526.162 442.982

Road 2 3
521.342 422.945
532.565 425.630

Road 3 3
564.168 397.160
585.977 393.222
584.050 379.295

Road 2 3
585.337 388.834
597.359 386.933

Road 2 3
570.088 426.205
588.615 421.292

Road 9 3
576.650 446.113
593.596 440.439
603.470 437.836
602.463 432.155
615.109 429.749
614.704 422.463
612.616 418.165
608.008 412.346
606.586 405.593

Road 4 3
582.937 463.246
597.428 459.095
610.855 456.203
614.092 455.514

Road 4 3
546.350 452.773
553.683 452.342
561.429 451.051
575.631 447.071

Road 5 3
587.143 474.183
566.593 479.993
566.701 488.169
563.581 499.789
560.659 511.495

Road 2 3
566.580 480.096
561.347 450.763

Road 2 3
566.341 477.678
546.474 479.821

Road 2 3
601.353 525.679
585.860 528.227

Road 5 3
598.461 514.042
592.057 516.177
592.057 518.174
586.136 519.895
585.929 522.856

Road 9 3
550.950 553.084
561.210 555.081
563.206 549.710
565.272 549.572
570.574 545.166
574.499 543.651
580.903 543.513
579.939 538.693
581.109 534.148

Road 2 3
546.834 576.022
560.246 578.221

Road 2 3
510.669 519.551
495.314 516.728

Road 2 3
536.182 492.838
548.645 495.730

Road 2 3
506.614 577.597
522.030 582.600

Road 2 3
605.218 550.248
597.364 550.356

Road 3 3
605.051 543.206
615.100 540.841
627.159 540.480

Road 2 3
514.292 737.560
532.380 734.440

Road 6 3
558.201 616.325
559.170 608.192
558.370 606.618
553.919 606.353
549.795 605.825
541.155 604.142

Road 8 3
599.198 765.761
599.733 775.463
598.577 777.466
598.871 786.142
598.431 793.061
598.461 801.726
600.946 812.862
611.475 813.363

Road 2 3
598.519 801.610
564.146 808.176

Road 3 3
598.387 793.457
595.699 793.810
563.153 800.198

Road 5 3
578.975 833.331
578.837 819.078
574.981 818.871
573.466 817.976
553.498 821.832

Road 6 3
566.657 413.527
557.128 415.718
557.456 418.419
548.913 420.172
547.891 420.683
535.696 418.931

Road 3 3
602.959 438.031
605.286 444.890
614.815 443.320

Road 3 3
605.322 444.963
605.833 447.007
598.276 449.381

Road 2 3
495.352 708.315
494.031 718.281

Road 2 3
481.764 695.861
488.657 696.772

Road 5 3
507.384 678.826
492.837 677.514
492.609 680.480
494.149 682.534
493.807 687.383

Road 4 3
456.577 681.188
452.750 694.407
452.488 699.370
460.009 700.867

Road 2 3
452.634 694.404
440.330 692.908

Road 2 3
421.869 706.437
418.788 682.990

Road 2 3
433.279 707.065
429.742 681.165

Road 3 3
418.009 564.737
425.292 593.881
429.685 593.082

Road 2 3
413.421 613.166
410.647 601.996

Road 2 3
414.234 615.726
416.926 629.379

Road 2 3
400.386 616.252
386.499 619.952

Road 4 3
405.609 642.863
394.087 644.198
392.775 632.274
403.034 629.597

Road 3 3
410.779 660.188
399.292 662.932
400.716 669.285

Road 4 3
394.135 708.431
394.387 705.913
386.403 665.995
376.294 667.347

Road 2 3
328.412 627.394
351.515 621.058

Road 4 3
347.614 681.118
362.528 675.418
364.997 675.690
377.378 672.218

Road 2 3
365.437 675.566
368.071 685.078

Road 3 3
371.107 644.044
384.687 641.252
385.726 645.655

Road 2 3
369.569 632.692
383.483 629.971

Road 2 3
379.560 605.785
381.669 616.421

Road 4 3
388.700 564.780
391.001 574.620
393.542 588.463
395.323 594.498

Road 4 3
404.675 561.941
403.831 568.018
407.992 586.542
394.136 590.474

Road 2 3
398.567 580.434
406.104 578.139

Road 2 3
433.872 578.774
430.678 565.521

Road 4 3
455.454 685.066
466.046 689.037
465.461 695.269
468.252 695.723

Road 3 3
572.365 636.462
575.221 636.592
575.960 617.618

Road 4 3
510.794 643.624
519.779 646.029
521.275 646.029
533.031 648.771

Road 2 3
541.869 764.260
538.743 746.935

Road 4 3
518.107 755.991
523.684 755.075
528.627 754.244
539.698 752.231

Road 2 3
541.588 743.485
548.449 741.783

Road 2 3
582.933 769.412
581.050 756.467

Road 2 3
563.397 766.499
561.707 757.441

Road 2 3
553.635 768.576
552.547 762.221

Road 3 3
577.336 789.764
576.322 780.540
574.712 771.317

Road 3 3
544.561 678.580
542.461 668.088
544.200 665.266

Road 2 3
589.685 643.824
617.087 645.679

Road 5 3
518.209 629.865
523.725 630.756
541.389 633.447
545.191 634.139
546.547 634.166

Road 3 3
514.631 632.962
494.366 627.845
491.847 638.725

Road 2 3
494.366 627.845
496.410 618.754

Road 2 3
487.946 618.602
496.051 620.350

Road 3 3
483.013 645.847
487.018 627.368
494.366 627.845

Road 5 3
444.118 624.630
449.024 625.714
450.735 617.442
452.162 611.851
455.943 596.142

Road 2 3
473.249 602.331
469.977 619.484

Road 2 3
487.946 618.602
490.335 606.415

Road 4 3
448.879 567.920
450.907 563.417
452.732 564.102
456.440 547.786

Road 3 3
433.737 565.654
438.071 548.927
433.564 547.330

Road 4 3
421.183 564.513
426.661 545.105
425.064 542.823
431.515 526.078

Road 3 3
405.743 564.852
407.892 562.790
411.772 552.065

Road 4 3
394.230 563.615
395.285 558.625
394.771 557.199
376.487 553.209

Road 4 3
394.771 557.199
397.338 547.501
401.560 535.806
406.300 522.284

Road 2 3
401.560 535.806
408.235 538.259

Road 3 3
431.075 474.489
438.415 444.175
437.697 441.260

Road 4 3
405.376 418.698
417.704 421.196
419.606 413.818
428.267 414.690

Road 5 3
426.014 438.802
428.237 425.211
432.516 423.428
427.652 413.426
421.983 393.300

Road 5 3
385.752 455.870
390.023 437.198
389.755 436.742
390.167 434.013
389.793 433.023

Road 3 3
395.436 459.452
401.104 440.193
390.023 437.198

Road 2 3
364.573 475.775
359.629 492.276

Road 2 3
361.040 487.566
365.763 489.086

Road 2 3
376.868 490.385
382.693 492.577

Road 2 3
356.993 460.308
378.030 466.504

Road 2 3
363.463 475.450
366.970 463.247

Road 2 3
448.228 479.024
479.200 476.536

Road 2 3
471.063 516.971
474.578 501.912

Road 2 3
545.524 513.291
551.339 514.676

Road 3 3
559.384 529.040
560.239 525.318
565.453 526.221

Road 2 3
517.811 593.480
520.478 584.183

Road 2 3
476.087 556.238
511.908 566.087

Road 3 3
578.837 819.078
580.591 821.507
592.754 819.674

Road 2 3
597.309 605.338
571.595 593.651

Road 4 3
542.461 668.088
523.398 670.272
522.803 666.443
508.489 666.389

Road 2 3
514.446 693.649
513.362 683.572

Road 2 3
507.715 703.773
519.693 701.301

Road 2 3
591.738 487.803
581.028 489.020

Road 3 3
546.968 442.858
530.875 440.717
526.162 442.982

Road 2 3
532.766 448.919
534.240 441.165

Road 2 3
530.875 440.717
531.343 433.220

Road 3 3
521.234 389.013
517.746 375.194
503.858 378.015

Road 3 3
518.332 377.516
529.368 375.123
526.207 353.940

Road 3 3
515.624 365.271
514.557 359.263
526.683 357.129

Road 2 3
572.325 358.284
569.539 339.791

Road 2 3
570.734 347.720
584.829 345.723

Road 2 3
594.914 346.974
593.193 336.027

Road 5 3
581.250 336.648
579.391 323.989
585.160 322.173
583.231 306.858
595.302 304.727

Road 6 3
602.674 334.682
599.178 319.310
595.302 304.727
595.607 304.030
591.374 286.975
563.108 292.200

Road 4 3
614.107 275.600
617.067 257.452
617.491 253.755
617.013 238.407

Road 4 3
614.107 275.600
615.532 277.023
615.722 280.066
639.364 282.589

Road 2 3
368.785 303.972
362.741 282.809

