15
addwidth 41 0.0 392.819
410.040 184.891
415.757 182.136
428.630 178.538
430.150 178.500
430.150 178.450
431.432 178.158
442.820 180.455
443.187 179.680
448.545 180.912
450.237 180.693
464.543 180.716
466.356 182.388
480.924 179.543
483.734 180.254
483.352 177.944
481.200 177.445
471.217 179.688
468.978 179.317
467.308 179.263
466.530 177.590
451.264 178.736
448.522 178.997
443.331 178.557
439.606 178.242
432.042 176.404
430.140 176.555
427.254 176.784
418.946 178.606
408.912 182.486
408.093 176.224
400.983 175.777
402.664 183.587
405.612 184.348
409.061 187.994
413.294 197.992
418.639 227.791
423.230 227.615
416.606 196.660
416.940 196.394
416.040 192.422
413.359 190.629

addwidth 39 0.0 343.331
346.117 272.498
342.708 262.445
340.977 262.538
336.021 243.993
332.869 233.608
332.165 231.617
328.779 218.536
326.088 208.140
325.098 205.620
324.496 201.400
324.173 199.380
322.051 199.742
321.023 190.484
318.110 190.762
319.911 201.417
322.265 201.207
326.146 219.032
326.050 219.050
326.382 220.291
333.285 241.627
334.213 244.912
340.571 265.705
342.770 272.186
344.780 274.967
347.104 284.253
352.330 301.719
353.107 305.289
354.901 313.719
356.508 314.717
358.497 324.304
359.451 326.135
361.255 332.887
362.757 332.601
360.572 322.130
356.836 310.037
356.197 307.569
354.408 301.154
350.702 287.860
347.932 275.605

addwidth 28 0.0 198.151
558.022 344.223
568.752 342.353
570.296 341.638
580.795 339.791
594.103 338.300
611.206 336.456
610.753 333.969
603.727 336.034
603.216 334.025
601.537 334.515
592.549 336.365
581.442 336.990
580.735 337.563
570.202 339.753
559.670 341.943
557.900 342.350
556.830 342.432
555.331 342.740
556.286 348.680
541.176 351.264
527.880 353.448
526.713 353.462
526.974 355.036
532.093 353.771
532.320 355.079
539.892 353.617
556.510 350.796
558.868 350.148

addwidth 26 0.0 234.231
513.919 392.758
522.609 392.073
522.252 389.250
520.415 380.104
529.258 378.202
530.303 377.977
528.715 367.441
526.713 353.462
524.846 353.217
525.687 358.541
526.476 362.768
528.958 375.735
519.136 377.560
516.513 378.202
517.210 380.894
519.541 389.884
508.759 391.562
505.870 390.538
496.881 392.297
490.282 392.319
489.293 389.159
477.288 391.936
479.474 394.834
490.611 395.042
492.465 395.225
511.750 393.382

addwidth 64 0.0 591.768
268.766 638.369
270.901 637.124
276.054 637.533
278.393 637.132
283.677 637.826
285.555 638.072
286.511 637.895
300.392 634.989
302.351 634.853
304.511 633.699
304.057 632.704
307.455 631.147
306.009 627.088
309.503 625.942
323.702 619.622
324.187 611.807
324.273 603.047
324.220 599.904
325.329 596.052
323.362 593.163
321.083 603.839
320.453 613.174
321.535 614.989
322.552 618.217
313.836 620.490
313.770 621.940
308.809 623.335
302.411 624.125
302.710 628.210
300.654 628.301
300.716 633.417
287.577 635.031
283.975 635.241
261.124 632.993
261.891 624.490
263.330 616.359
269.648 617.571
273.359 618.266
273.877 616.253
277.049 605.408
273.071 603.933
270.300 615.300
262.048 613.846
259.618 632.958
241.837 629.358
239.904 629.509
231.575 627.380
229.192 627.498
219.222 625.614
209.854 624.697
209.143 624.542
208.901 627.997
211.000 627.997
216.171 629.709
216.930 628.952
224.783 630.923
226.509 630.363
241.892 633.987
244.403 633.838
248.767 635.066
250.199 635.474
254.875 636.683
258.994 637.488
264.411 638.392

addwidth 46 0.0 392.901
472.017 460.870
489.160 454.823
494.157 454.378
496.209 453.346
501.684 453.432
507.143 454.458
512.783 455.062
513.296 455.153
516.136 455.658
516.505 453.554
515.292 453.295
517.544 443.565
529.223 446.081
539.171 443.951
546.277 445.562
545.016 455.852
547.554 456.016
561.166 454.025
562.494 453.857
576.313 450.331
574.966 447.621
561.184 451.153
548.296 453.014
547.949 442.618
544.638 443.103
533.472 441.257
526.108 443.872
518.140 441.647
516.476 441.259
515.543 444.844
494.253 441.094
494.198 443.020
502.022 444.851
514.909 446.911
513.424 454.016
500.978 451.761
495.330 450.136
492.667 451.918
488.463 453.360
474.288 458.223
472.134 451.829
468.984 452.484
461.904 454.489
464.187 459.411
469.205 457.655
471.045 457.792

addwidth 32 0.0 330.792
596.528 498.775
592.665 487.791
588.942 477.145
586.265 464.629
583.758 463.214
578.546 447.888
577.881 446.470
574.966 447.621
578.960 458.043
585.503 477.233
589.501 488.306
589.624 488.648
589.699 488.627
591.162 490.998
591.994 493.836
591.498 498.400
593.601 498.537
594.613 505.005
595.800 506.826
597.198 514.748
597.409 516.019
599.829 526.274
599.819 527.848
601.533 536.865
600.371 537.167
601.198 541.785
602.418 541.750
602.868 543.676
606.960 542.735
606.594 540.829
605.069 534.050
599.679 515.001

addwidth 50 0.0 276.271
510.040 651.843
511.363 645.321
512.797 643.871
514.696 635.559
518.699 631.227
520.098 630.135
522.517 626.215
524.526 626.548
524.714 625.374
526.109 625.572
526.608 622.908
529.207 619.775
531.226 620.484
531.807 616.615
533.287 616.709
533.447 615.561
529.347 614.460
527.074 619.705
519.257 627.133
517.500 626.500
516.984 628.223
514.539 632.390
511.856 634.207
509.322 644.143
508.419 651.567
499.598 650.065
483.767 646.413
482.458 646.091
468.261 642.287
461.990 640.868
459.271 640.523
447.140 637.508
440.014 635.621
434.373 634.066
427.358 631.845
427.390 633.962
438.735 637.362
440.486 637.579
452.769 640.849
454.910 640.843
459.768 642.609
465.884 644.055
467.936 643.735
479.835 647.091
481.127 647.913
490.656 650.587
490.752 650.025
498.332 651.915
498.813 651.202
509.814 653.254

addwidth 4 0.0 288.719
250.445 196.559
243.545 196.194
242.714 203.822
249.976 204.592

addwidth 20 0.0 288.719
234.662 233.465
236.767 222.905
234.660 222.913
228.046 265.292
227.003 272.327
241.876 283.589
256.610 291.030
261.694 294.833
274.095 299.580
274.768 297.528
264.600 293.322
259.866 290.869
245.420 283.037
241.264 281.027
237.542 277.834
238.336 274.665
234.280 270.971
229.521 268.191
231.135 256.947
232.513 247.571

addwidth 12 0.0 93.956
169.192 390.750
185.929 391.721
193.393 391.763
195.299 391.821
200.964 391.992
204.471 391.111
206.778 391.449
207.077 389.523
200.730 388.141
198.852 387.738
189.450 389.730
169.989 388.814

addwidth 47 0.0 363.914
213.058 535.507
215.127 535.755
216.189 530.911
215.089 530.657
216.772 520.899
232.216 524.413
234.469 525.133
234.470 523.042
231.342 522.627
216.158 518.870
214.797 517.215
213.247 519.914
213.440 532.971
202.133 532.362
194.893 532.623
179.040 534.425
177.881 534.634
176.406 536.892
176.769 546.704
177.240 546.582
176.760 555.873
174.245 555.777
174.233 557.658
164.707 558.191
161.146 558.454
160.667 563.749
160.641 571.078
153.721 571.489
146.843 571.501
142.051 570.203
141.835 572.593
145.665 572.910
152.339 573.830
152.355 573.521
160.575 573.824
163.374 574.019
163.405 570.694
163.867 561.319
177.504 561.858
177.687 559.245
178.168 556.237
179.664 546.884
179.763 536.971
189.476 536.284
194.531 535.711
200.925 534.985
204.287 534.455

addwidth 35 0.0 879.450
169.192 390.750
185.929 391.721
193.393 391.763
195.299 391.821
200.964 391.992
204.471 391.111
206.778 391.449
207.077 389.523
200.730 388.141
198.852 387.738
189.450 389.730
169.989 388.814
168.168 388.604
161.217 395.029
144.062 395.242
135.030 396.107
107.126 397.839
76.511 401.350
69.561 411.274
76.115 410.677
81.839 408.598
85.973 411.088
88.011 409.565
93.750 408.655
95.860 408.542
108.259 406.417
110.942 406.754
132.011 402.657
139.943 401.458
140.527 404.155
153.097 400.549
153.849 403.704
160.753 401.862
168.563 399.798
168.878 395.274

addwidth 26 0.0 323.620
543.439 604.784
542.693 605.694
549.740 607.460
558.209 608.165
557.640 615.903
557.945 617.715
566.710 618.674
566.649 620.393
574.838 620.464
576.484 620.803
591.372 620.880
595.724 621.435
597.029 613.104
615.435 616.514
614.008 610.683
602.037 609.786
590.614 608.505
590.029 611.557
587.868 611.354
587.857 613.471
584.283 616.739
581.677 617.426
559.017 616.077
560.474 608.909
558.851 606.530
553.674 606.402

addwidth 34 0.0 475.439
353.840 722.070
358.264 712.623
358.330 712.702
349.387 682.044
355.417 680.056
364.784 676.897
363.476 674.938
359.846 660.909
356.406 648.089
369.695 644.484
371.965 643.974
371.895 643.021
370.635 634.315
368.169 634.764
369.465 643.160
360.580 644.317
355.555 644.758
354.268 644.824
354.983 647.914
356.680 655.549
361.580 675.342
348.791 679.478
345.543 681.386
345.605 693.044
349.211 696.122
350.894 703.788
350.828 703.709
348.387 704.489
348.661 717.584
347.673 720.362
345.858 722.632
343.586 723.444
339.525 723.554
340.574 731.370

addwidth 23 0.0 294.327
557.945 617.715
557.640 615.903
549.094 615.113
541.682 613.704
542.693 605.694
543.439 604.784
548.039 579.069
545.529 578.702
540.001 602.238
537.199 611.427
531.913 609.194
523.252 607.531
517.265 603.273
516.601 602.875
515.962 605.345
515.290 607.205
514.868 608.452
520.998 610.247
529.347 614.460
533.447 615.561
537.251 616.190
548.268 617.807
557.897 618.870

