17
SafeArea 1 3.0 1.0
405.926 73.362

SafeArea 1 3.0 1.0
352.352 170.831

SafeArea 1 3.0 1.0
658.471 130.030

SafeArea 1 3.0 1.0
249.518 180.361

SafeArea 1 3.0 1.0
651.521 194.553

SafeArea 1 3.0 1.0
635.210 334.137

SafeArea 1 3.0 1.0
62.998 405.287

SafeArea 1 3.0 1.0
616.079 755.266

SafeArea 1 3.0 1.0
312.739 822.926

SafeArea 1 3.0 1.0
618.197 612.825

SafeArea 1 3.0 1.0
610.999 812.873

SafeArea 1 3.0 1.0
607.327 833.384

SafeArea 1 3.0 1.0
620.453 540.050

SafeArea 1 3.0 1.0
640.722 282.130

SafeArea 1 3.0 1.0
139.956 616.052

SafeArea 1 3.0 1.0
149.771 698.174

SafeArea 1 3.0 1.0
184.298 715.335

