1
Boundary 209
146.762 701.476
147.970 705.540
147.599 714.544
153.137 715.070
153.644 705.074
158.904 704.957
215.279 727.997
213.128 739.781
211.750 753.394
210.234 759.403
212.906 760.629
211.576 764.057
214.765 765.018
212.280 777.591
211.740 782.505
217.922 790.731
239.069 798.707
239.619 799.821
250.548 800.821
254.959 801.244
277.394 809.763
309.875 816.664
308.088 824.331
316.313 826.445
317.764 818.603
322.278 794.221
321.296 793.693
325.062 774.265
334.427 746.756
339.424 736.476
342.582 734.280
340.553 731.271
353.818 721.927
357.397 716.404
378.963 709.266
385.690 709.636
474.241 717.475
488.217 719.207
488.554 718.638
509.415 720.852
510.447 726.983
512.057 735.293
513.367 735.154
518.324 755.728
518.169 757.277
519.824 766.320
517.128 766.806
519.072 768.542
521.675 782.730
538.786 779.165
543.837 781.844
548.601 807.126
554.649 835.962
604.632 836.569
610.824 836.739
611.104 830.302
604.740 830.222
604.727 818.342
616.493 818.782
617.045 808.637
607.720 807.892
609.837 758.885
619.934 759.371
619.947 751.338
612.096 751.129
612.086 743.739
612.620 741.864
613.101 727.056
612.866 718.215
612.963 709.140
614.364 697.777
611.093 680.571
612.487 677.960
612.859 648.160
610.904 643.700
615.418 616.620
622.060 617.459
622.076 610.713
614.008 610.683
615.568 596.823
616.442 566.074
616.130 561.065
617.629 551.561
618.645 551.118
617.273 544.306
623.861 542.734
623.598 537.413
612.452 539.332
620.861 414.909
634.142 339.590
638.859 339.809
639.540 332.350
633.726 331.872
638.122 287.258
643.821 287.887
644.853 282.132
637.638 281.340
641.550 238.861
643.585 238.232
643.845 229.222
631.809 228.099
632.509 222.744
643.224 222.776
643.165 208.020
657.362 207.706
658.958 187.958
645.152 186.313
646.427 171.863
649.462 172.275
652.114 151.986
648.207 151.687
649.197 140.455
649.416 133.604
663.141 134.793
663.605 128.068
659.044 128.191
653.070 128.211
655.305 105.114
627.010 106.441
602.016 99.538
604.456 127.087
518.411 117.031
520.464 107.137
516.877 106.304
518.356 94.202
484.269 89.221
482.135 100.868
473.566 102.080
464.676 56.698
431.178 62.821
433.767 81.695
412.111 85.657
410.136 67.373
400.562 69.014
402.003 84.406
406.721 149.511
406.214 153.537
402.693 162.799
400.245 167.572
388.299 169.606
359.647 174.654
357.568 163.710
347.254 164.845
348.617 176.197
318.431 180.420
289.206 183.577
267.906 186.234
259.747 186.364
256.482 184.087
255.644 173.396
243.591 174.580
246.097 185.002
247.472 193.285
243.524 193.599
242.693 201.262
224.097 198.587
222.571 203.284
219.332 202.377
217.744 210.731
216.069 211.863
211.755 209.526
174.809 204.294
169.855 208.817
171.533 211.672
189.707 213.438
179.673 248.091
172.072 261.521
184.291 264.073
170.371 294.427
168.554 300.846
164.068 300.619
163.454 307.001
165.791 350.598
163.896 371.963
160.371 371.989
161.195 393.361
144.040 393.575
107.105 396.184
76.489 399.711
69.465 401.153
59.494 400.458
58.851 409.459
75.589 410.283
73.606 479.953
81.064 482.785
83.519 488.827
85.690 490.903
85.218 493.452
86.634 495.529
86.653 500.523
105.031 503.663
115.343 507.523
115.641 509.622
125.566 510.758
124.249 519.013
124.863 521.458
124.465 525.930
124.056 529.399
123.339 535.619
122.562 537.436
121.970 544.732
115.731 584.695
119.456 587.908
116.603 609.146
119.634 613.708
124.838 622.685
124.462 658.281
135.146 658.281
147.079 676.066

